91
139
-643
-144
-124
905
712
966
-990
776
312
371
462
-149
60
-361
208
599
-630
431
741
-705
678
-938
477
347
-222
-908
990
646
79
81
-214
435
936
660
339
648
626
349
423
-62
-279
-115
788
780
522
-4
379
892
-573
120
-813
-896
181
664
451
958
755
441
604
-165
-477
-611
-730
-541
-952
608
-894
673
-43
528
-389
676
-587
-602
456
935
393
-164
827
819
955
-987
923
136
676
374
93
431
-185
-303
-735
337
85
-466
795
133
-858
901
-193
98
428
416
-225
841
813
-769
775
206
65
601
24
20
614
-53
-844
289
-680
249
-280
134
945
-15
-528
30
518
-733
-837
660
-833
-31
-242
595
-616
532
435
-803
763
210
402
-171
-188
-574
848
-575
372
-996
713
692
252
-567
-173
197
417
297
-773
-65
563
-611
-406
730
356
351
324
740
-116
-241
936
-354
968
338
473
-220
764
321
203
135
324
-84
-172
-423
348
654
774
-235
-48
1000
699
-486
-611
-707
-756
744
643
567
484
-473
-675
419
172
-707
-243
-354
71
-480
966
-725
655
290
190
-517
867
-462
-864
640
301
86
640
0
600
-972
291
843
772
-65
409
255
461
734
-326
-367
-973
430
277
98
950
243
372
605
-466
-438
-913
-600
99
-777
-960
-600
308
679
399
-92
706
-309
-249
477
625
-841
-268
85
893
405
718
919
-164
-4
16
-214
-761
-611
-610
-228
-50
-523
171
-952
-301
211
-552
-993
-110
847
-85
-404
-462
664
-928
-838
823
-196
247
715
-791
-34
633
44
960
-350
830
-801
37
-780
-29
987
-304
-858
-965
394
352
-517
400
-758
-671
-685
-163
-134
978
-91
27
800
712
-725
514
920
239
147
-35
199
796
-206
397
-166
12
-632
-180
708
-491
-145
101
860
336
-498
-898
664
-184
-62
-470
-207
845
556
-407
556
830
-894
476
69
253
-559
-732
48
233
665
882
-755
-968
-298
952
-459
555
53
-599
-109
555
-498
-445
-630
438
84
162
283
-359
754
-160
-530
860
-685
539
113
-245
806
-839
988
471
-958
-768
502
-256
-816
-958
-702
237
-558
187
-208
-56
742
161
-619
-174
-676
663
465
-922
-498
935
937
-183
473
49
571
279
210
558
-249
252
790
-747
995
974
-705
-708
210
-263
479
-998
679
221
163
-941
-954
486
722
511
563
-776
446
500
40
-80
-450
-389
-801
759
-831
-51
11
958
200
6
931
494
298
141
-770
-222
143
908
998
-694
967
-956
791
689
555
353
913
0
-147
-47
919
401
563
-883
160
732
64
-828
689
-736
177
620
758
-525
-238
987
251
904
895
249
-790
862
292
1000
550
-153
353
463
846
-794
-584
765
607
978
881
-232
709
-54
-61
398
209
-885
18
-33
-410
779
-46
840
683
-151
88
892
-290
-619
892
-740
227
245
722
73
450
-863
-162
57
-885
-281
824
823
663
-238
221
-127
-123
-761
839
465
-983
-208
305
700
640
-606
592
-651
-225
483
-392
-999
-271
-670
73
-821
-534
910
235
-420
-371
59
-597
-708
820
623
163
-303
861
1
-838
878
793
466
578
432
860
169
781
-366
-347
-611
-366
380
-282
707
558
183
617
-207
762
-755
851
-836
-464
671
787
698
-632
648
-300
-471
526
-508
995
103
924
855
-728
705
-512
-75
-906
121
-696
-189
-172
862
994
-556
-345
755
-311
-494
919
223
-823
706
-79
-456
353
620
72
-121
-888
66
982
-965
-78
-746
740
409
177
833
-470
481
-356
357
342
-363
801
996
-608
-511
-498
-689
712
-322
-984
-367
220
368
-748
-708
-753
-637
358
-772
-602
-720
-519
-863
688
657
970
-782
137
-387
574
-520
249
375
-524
640
864
-23
950
575
653
965
-793
-126
333
-542
165
579
-179
-476
807
217
-197
-713
354
-510
943
323
-293
80
936
-719
560
184
655
-965
-175
519
10
-226
93
-336
-261
300
536
-929
758
-299
650
-422
223
456
795
-975
742
148
-485
685
-528
220
-234
-593
500
-675
591
155
-640
-585
-326
370
188
767
-967
926
66
569
997
-175
-730
646
401
493
102
196
518
-155
-656
-968
-470
-184
252
294
221
-248
619
-187
907
979
226
-419
348
-586
-653
381
-661
413
-49
-664
-763
219
982
637
-288
83
-167
-770
927
176
-739
-544
991
512
750
212
-736
369
-976
-829
347
250
-249
-304
663
96
-923
-998
-491
26
-663
-255
-754
-682
-618
-42
401
213
186
327
-610
447
783
-619
-41
533
592
222
-98
616
392
-751
-134
-858
-55
-472
237
20
-470
746
-953
-133
-510
-708
184
-129
248
-415
-916
-565
912
-526
881
694
-146
-160
227
-555
-939
-872
-940
452
-623
-74
594
320
453
-169
-659
982
-423
-613
-151
65
-321
-968
936
926
-384
-980
-639
-472
-507
-759
-778
345
79
448
790
140
576
850
-407
952
-225
-814
272
-773
16
612
-791
592
999
56
-342
-323
88
-406
-397
703
-387
-37
-769
105
203
-548
-549
-717
899
-759
422
475
-910
-986
426
-135
-800
-301
91
215
-690
299
-193
-691
-644
464
-15
443
-943
586
146
-331
-452
376
774
750
828
-776
-967
726
-536
454
200
-446
468
-373
417
667
324
-492
-118
634
807
688
942
-837
151
-73
606
208
-488
-248
877
58
-872
650
-191
955
873
