-552
-915
-702
793
-784
918
-387
214
-541
-792
-325
-483
430
-65
-507
-428
-43
130
118
-425
-724
939
-233
205
950
-127
669
420
34
-368
70
481
-283
367
274
-67
285
886
-854
743
-907
-180
-740
522
754
-248
-906
-290
881
212
283
-843
151
-950
361
100
-78
29
-479
956
661
591
436
-622
-42
-289
309
-758
-404
454
985
-312
-726
-755
-790
-973
-4
-696
-263
-123
515
-980
33
-334
-931
-606
766
-9
423
-713
-54
84
877
-618
461
-165
91
-230
76
687
-776
61
-626
-503
305
-416
-476
-700
-113
260
176
-598
279
-791
66
347
-397
-167
-662
-974
119
283
109
-4
665
-430
830
-244
338
-94
-557
561
966
-184
-942
270
398
-419
570
-715
841
-253
-314
119
-45
752
-533
557
-416
-196
582
702
-913
-309
-302
751
260
-473
-493
-402
431
-51
-841
397
763
-784
-333
161
-203
-763
446
-363
-17
-869
756
937
883
-778
493
-533
25
75
-832
111
766
-134
-138
25
392
367
623
-176
-684
781
-780
-921
997
-113
239
-207
122
-314
429
-896
-184
184
-960
-302
405
533
163
-570
-392
331
541
-626
-803
-598
398
588
769
20
-588
-916
-198
-369
-838
-202
517
401
590
-361
-914
18
-257
-98
-798
-217
599
607
-685
-237
-963
-77
-906
577
295
-709
979
-306
879
748
713
-710
832
-486
-79
994
311
-563
395
-99
75
480
918
817
-618
-880
-401
981
726
-86
-257
763
835
-163
340
130
126
319
823
4
66
536
294
-101
-950
-786
-108
360
-349
-714
-740
725
766
-823
542
-852
-703
-859
-872
-977
53
-129
785
-111
707
125
-981
-166
-556
841
837
510
377
131
-592
426
344
299
-214
995
585
44
720
351
221
261
498
518
401
626
540
-545
-503
324
343
-797
-551
361
35
-107
201
-127
-598
-422
-997
-191
-996
347
-892
-211
342
692
833
61
42
54
-678
-460
-428
723
-834
-889
-822
-338
435
520
-136
884
-119
899
-224
-918
-228
176
-340
-226
985
-337
-879
-908
451
462
783
283
-476
-175
-663
-154
364
-92
-432
529
17
-254
-809
-547
-735
54
-664
145
-47
110
226
723
-713
886
-503
-729
-452
-382
-638
998
-920
-855
281
-397
-30
617
447
-667
-475
-985
862
542
-240
-948
994
24
105
-671
-831
-942
439
394
780
725
280
-723
996
827
-105
-643
825
-26
-498
106
575
470
-276
22
803
247
36
664
-210
796
715
-217
-180
-179
111
-12
-122
-449
-618
-342
-725
661
-66
-730
487
828
-373
312
-199
128
-582
-624
-402
141
397
-600
-612
-566
-936
176
-771
778
959
47
-401
70
-966
475
620
-584
-868
895
-924
65
-835
563
-107
-208
-125
693
919
292
-932
-484
-567
464
-84
-179
898
-21
997
-874
-243
956
172
354
25
206
-171
-354
621
-39
-459
696
-974
-295
259
-81
495
-867
-389
413
425
-322
929
858
-858
-156
-321
-961
822
-325
-836
-422
-370
336
932
655
-457
-239
-699
-836
721
-159
860
746
544
118
-336
39
251
274
-548
-323
951
-619
-466
-907
224
212
-869
45
887
-705
623
-484
631
555
-829
-826
-685
-529
-663
-965
310
-803
781
-145
314
-556
893
-435
717
-655
240
668
-274
774
760
949
-14
891
-5
-128
-814
-382
387
817
-828
558
990
-513
-971
-673
-479
339
-477
-699
-807
837
-255
-914
-599
-538
-569
641
-871
155
415
889
103
-599
780
-902
272
966
-285
-340
782
-113
-783
772
372
-755
-901
893
584
-378
-807
776
-542
-62
862
-142
398
-708
-501
527
446
913
415
-450
-687
195
-352
584
160
361
-757
-57
-752
-540
-285
619
-295
-187
511
-712
433
704
-936
890
-359
926
-252
-961
-783
245
565
663
158
-20
-787
471
-825
-140
55
334
-779
298
-723
-532
757
-9
-913
-538
802
597
-250
235
301
-186
125
942
-261
873
980
-44
118
545
-382
-724
-475
-170
747
-301
688
-198
-968
908
-901
-691
-624
856
298
-538
-683
100
-941
66
-664
359
879
460
301
-383
333
281
571
-549
-174
-812
-273
349
17
-527
-953
-294
273
-921
-386
372
-613
-11
227
684
449
544
-215
507
-390
119
-133
-512
-420
-833
103
912
447
-325
-638
-728
-138
88
620
879
560
667
-416
-166
745
196
-795
-868
-816
431
816
633
-24
-400
139
584
719
-994
-929
-702
-828
174
-790
619
848
-429
890
-290
659
510
-412
218
176
171
-949
-78
-632
-744
52
-448
687
-131
-816
-338
467
323
-755
186
328
-684
483
499
490
692
117
337
-737
7
-953
921
-482
-366
139
694
805
190
-385
-828
445
667
-277
131
-465
-94
792
-998
-771
-963
187
556
-647
-329
55
842
-637
-827
179
-375
180
225
-454
697
859
684
390
664
-126
-996
835
-681
671
-443
449
-794
462
241
-792
690
278
395
245
631
-934
-699
472
-572
-527
-348
52
652
877
598
349
736
281
-261
399
-845
-257
234
-527
-587
790
922
-381
251
163
-174
-58
-559
-779
-813
-929
-714
-513
543
-287
-40
-805
765
-388
-929
362
960
807
-356
-302
206
-202
440
-560
270
853
-770
192
-529
480
-645
296
-578
-204
516
-392
-134
801
94
-591
-486
-947
-397
-722
-336
-326
639
-376
-519
-718
320
686
79
-239
-875
-650
-387
-646
541
82
834
896
-621
-745
-309
894
-137
555
695
