15	33	33	21	2	35	12	9	2	12	6	1	25	29	16	27	11
7	24	23	30	28	12	26	29	35	14	6	24	16	18	26	31	33	27	22
28	27	20	33	26	1	30	22	20	24	33	3	35	26	26	21	6	35	22
24	4	6	21	15	17	31	32	2	12	20	17	30	6	5	31	3	22	4	8
35	24	10	21	27	15	14	28	12	17	9	25	19	6	28	23	29	25	33	3
9	20	29	18	4	15	22	18	3	2	22	16	3	18	14	5	34	10
14	15	12	30	2	5	18	28	14	3	18	34	2	23	23	33	25	28	5	25
22	33	6	20	14	23	34	35	26	16	29	34	3	18	18	6	1	5	20
27	15	27	32	15	28	9	1	2	13	7	17	15	9	13	5	5	12	4
20	7	18	32	18	25	23	2	23	10	18	25	9	35	4	11	11	26	4	5
6	18	14	13	23	10	24	9	8	30	33	27	31	4	17	4	1	6
13	33	20	7	6	7	25	19	21	30	15	21	29	32	16	16	34	17
18	24	11	21	7	19	4	12	30	31	28	34	34	10	3	7	6	3	19	4
15	30	26	25	5	4	30	12	29	17	26	2	27	35	18	22	26	19	26	2
30	31	33	5	27	16	35	5	16	2	26	22	11	20	27	15	14	18	31
16	23	3	8	23	9	27	33	19	24	35	17	30	6	28	9	25	10	17	35
9	33	11	26	21	14	33	1	2	18	29	25	32	15	31	21	25	8
34	12	21	20	17	4	30	18	11	1	18	25	2	16	16	27	2	2	13	25
2	6	2	30	30	11	12	9	8	11	26	28	3	1	23	14	6
31	34	2	8	16	15	7	9	24	2	28	5	31	35	15	33	19	1	18	18
16	17	2	28	26	32	34	18	6	2	11	34	6	35	11	12	29	34
14	5	25	21	17	26	8	13	23	16	15	26	13	30	10	4	9	23	10	28
22	8	19	6	24	13	9	16	12	19	23	8	23	30	17	18
24	19	11	33	34	6	7	19	10	19	17	18	11	22	3	35	26	17	6
4	1	15	16	12	5	14	15	11	32	32	2	35	22	18	31	4	7	23	9
15	35	22	22	28	24	13	33	35	14	33	35	30	10	23	33	16
2	29	28	5	6	13	5	25	10	14	10	4	24	10	12	2	5	30	15	11
13	10	8	2	17	11	12	34	10	18	26	27	16	25	21	15	28	29	5	30
27	17	14	27	3	1	31	29	5	22	25	16	15	30	20	28	19
33	3	32	32	27	8	1	1	16	14	19	18	19	33	1	25	20	14	16	8
33	15	9	12	34	22	30	10	16	18	3	28	34	32	6	32	31	25	30	6
22	24	6	18	23	28	3	6	24	19	14	2	32	28	31	24	33
15	17	35	28	30	34	20	3	1	7	29	26	19	15	24	12	30	13	15	8
19	17	3	8	30	7	24	30	28	4	31	11	4	20	27	11	1	12	35	35
28	15	15	26	20	22	17	10	21	29	34	31	33	26	24	19	16	9	10	2
22	11	26	31	7	19	2	33	20	11	32	6	34	1	27	19	23	1	2
17	9	4	9	18	3	3	18	29	4	6	16	6	7	33	20	28	20	6	30
25	5	10	24	26	12	25	31	9	35	12	35	24	3	18	9	29	24	15
26	35	18	9	16	34	4	26	14	8	24	28	14	10	5	34	22	28	18
32	25	22	22	31	12	13	23	7	4	2	2	34	2	13	15	22	2	6	17
1	5	30	9	35	30	16	12	31	4	16	17	4	22	18	13	1	27	9	17
19	27	16	23	34	19	26	19	33	31	27	26	11	2	13	10	10	31	3
9	27	7	34	21	2	26	28	13	5	19	8	10	30	3	30	26	29	20
32	20	30	19	11	28	20	15	26	35	7	28	26	1	1	21	2	3	35	3
7	9	28	15	20	32	5	16	16	11	24	21	18	12	25	26	11	25	10	1
18	16	29	9	28	3	4	2	11	5	16	29	6	16	2	22	32	15	15
34	24	21	19	33	12	6	15	26	35	17	27	30	27	26	19	26	5
20	1	15	3	13	3	13	8	1	30	2	6	7	21	20	33	11	11	8	33
7	30	22	27	25	9	3	13	11	12	13	25	5	6	5	10	20	9
1	26	24	10	9	20	31	24	3	29	32	22	21	31	22	10	22	5	6	32
