17	8	13	10	16	7	5	19	1	17	17	24	15	19	14
12	14	2	17	11	3	10	10	2	5	16
6	5	15	3	25	4	12	7	3	7	17	24	12	4
2	2	23	10	21	16	8	7	12	4	2	13	23	15	11
22	20	5	18	15	16	5	22	5	22	1	8	13
17	17	9	8	4	15	25	24	11	9	12	5	11	2	21
16	4	4	3	15	16	20	11	3	20	12	20	24	18
5	13	5	6	17	24	16	9	6	10	7	23	10	16	25
11	14	16	16	9	20	25	16	8	17	10	5	20	1
1	7	2	8	14	18	6	20	20	1	11
15	25	11	7	16	22	18	7	6	10	24	10	8	20	15
1	14	1	15	9	10	22	10	1	21	13	21	2	25	5
13	2	15	3	13	5	7	13	12	18	25	17	12
20	16	7	16	24	10	2	21	17	6	11	21	6	6	4
25	25	9	20	4	18	15	25	20	24	20	17	19	22	7
6	25	8	18	1	17	25	1	7	24	9	1	3
1	8	22	13	3	17	21	21	12	18	12	21	3	1	10
3	11	19	17	23	4	12	17	24	8	9	5	1	22
8	6	14	16	24	20	13	15	3	15	2	17	5	17
21	1	12	7	20	5	3	17	10	3	13	5	23	22
